shape_id,shape_pt_lat,shape_pt_lon,shape_pt_sequence
119_Ankatso,-18.914982,47.549432,1
119_Ankatso,-18.916885,47.547267,2
119_Ankatso,-18.917238,47.545947,3
119_Ankatso,-18.917243,47.542876,4
119_Ankatso,-18.91652,47.541181,5
119_Ankatso,-18.915292,47.539078,6
119_Ankatso,-18.911978,47.536554,7
119_Ankatso,-18.913922,47.533714,8
119_Ankatso,-18.911164,47.528974,9
119_Ankatso,-18.917994,47.522038,10
119_Ankatso,-18.916266,47.519498,11
119_Ankatso,-18.914406,47.518667,12
119_Ankatso,-18.912447,47.517988,13
119_Ankatso,-18.916385,47.513106,14
119_Ankatso,-18.916388,47.509807,15
119_Ankatso,-18.913478,47.508826,16
119_Ankatso,-18.912557,47.508903,17
119_Ankatso,-18.910613,47.508214,18
119_Ankatso,-18.904845,47.506385,19
119_Ankatso,-18.910433,47.505854,20
119_Ankatso,-18.905079,47.508938,21
119_67ha,-18.905079,47.508938,1
119_67ha,-18.908885,47.508863,2
119_67ha,-18.915827,47.508198,3
119_67ha,-18.91653,47.510422,4
119_67ha,-18.915579,47.514295,5
119_67ha,-18.912876,47.517658,6
119_67ha,-18.915231,47.518487,7
119_67ha,-18.917928,47.524034,8
119_67ha,-18.911625,47.528384,9
119_67ha,-18.913574,47.535143,10
119_67ha,-18.913873,47.537541,11
119_67ha,-18.916441,47.540717,12
119_67ha,-18.917319,47.542734,13
119_67ha,-18.917573,47.543743,14
119_67ha,-18.917355,47.545824,15
119_67ha,-18.916954,47.547358,16
119_67ha,-18.914982,47.549432,17
128_Ankatso_Ambohijatovo,-18.914731,47.549499,1
128_Ankatso_Ambohijatovo,-18.916885,47.547267,2
128_Ankatso_Ambohijatovo,-18.917238,47.545947,3
128_Ankatso_Ambohijatovo,-18.917243,47.542876,4
128_Ankatso_Ambohijatovo,-18.91652,47.541181,5
128_Ankatso_Ambohijatovo,-18.915292,47.539078,6
128_Ankatso_Ambohijatovo,-18.911978,47.536554,7
128_Ankatso_Ambohijatovo,-18.913922,47.533714,8
128_Ankatso_Ambohijatovo,-18.911164,47.528974,9
128_Ankatso_Ambohijatovo,-18.918725,47.52431,10
128_Mahamasina_Ambohijatovo,-18.918725,47.52431,1
128_Mahamasina_Ambohijatovo,-18.911625,47.528384,2
128_Mahamasina_Ambohijatovo,-18.913574,47.535143,3
128_Mahamasina_Ambohijatovo,-18.913873,47.537541,4
128_Mahamasina_Ambohijatovo,-18.916441,47.540717,5
128_Mahamasina_Ambohijatovo,-18.917319,47.542734,6
128_Mahamasina_Ambohijatovo,-18.917573,47.543743,7
128_Mahamasina_Ambohijatovo,-18.917355,47.545824,8
128_Mahamasina_Ambohijatovo,-18.916954,47.547358,9
128_Mahamasina_Ambohijatovo,-18.914982,47.549432,10
128_Ankatso_Tsimbazaza,-18.914731,47.549499,1
128_Ankatso_Tsimbazaza,-18.916885,47.547267,2
128_Ankatso_Tsimbazaza,-18.917238,47.545947,3
128_Ankatso_Tsimbazaza,-18.917243,47.542876,4
128_Ankatso_Tsimbazaza,-18.917007,47.540867,5
128_Ankatso_Tsimbazaza,-18.916822,47.537694,6
128_Ankatso_Tsimbazaza,-18.918413,47.537791,7
128_Ankatso_Tsimbazaza,-18.920285,47.536806,8
128_Ankatso_Tsimbazaza,-18.92069,47.536717,9
128_Ankatso_Tsimbazaza,-18.922746,47.536552,10
128_Ankatso_Tsimbazaza,-18.92333,47.537021,11
128_Ankatso_Tsimbazaza,-18.924228,47.537295,12
128_Ankatso_Tsimbazaza,-18.925499,47.537456,13
128_Ankatso_Tsimbazaza,-18.927703,47.536836,14
128_Ankatso_Tsimbazaza,-18.928804,47.537658,15
128_Ankatso_Tsimbazaza,-18.930631,47.536926,16
128_Ankatso_Tsimbazaza,-18.93101,47.536494,17
128_Ankatso_Tsimbazaza,-18.9334,47.535109,18
128_Ankatso_Tsimbazaza,-18.935704,47.532882,19
128_Ankatso_Tsimbazaza,-18.935206,47.528505,20
128_Ankatso_Tsimbazaza,-18.930754,47.5278,21
128_Ankatso_Tsimbazaza,-18.927083,47.528628,22
128_Ankatso_Tsimbazaza,-18.921445,47.527655,23
128_Ankatso_Tsimbazaza,-18.917728,47.528057,24
128_Ankatso_Tsimbazaza,-18.918819,47.524275,25
128_Mahamasina_Tsimbazaza,-18.918819,47.524275,1
128_Mahamasina_Tsimbazaza,-18.921491,47.526566,2
128_Mahamasina_Tsimbazaza,-18.926642,47.527773,3
128_Mahamasina_Tsimbazaza,-18.930467,47.527809,4
128_Mahamasina_Tsimbazaza,-18.935277,47.528486,5
128_Mahamasina_Tsimbazaza,-18.93568,47.532579,6
128_Mahamasina_Tsimbazaza,-18.933871,47.534488,7
128_Mahamasina_Tsimbazaza,-18.93101,47.536494,8
128_Mahamasina_Tsimbazaza,-18.930631,47.536926,9
128_Mahamasina_Tsimbazaza,-18.928804,47.537658,10
128_Mahamasina_Tsimbazaza,-18.927703,47.536836,11
128_Mahamasina_Tsimbazaza,-18.925593,47.537474,12
128_Mahamasina_Tsimbazaza,-18.923328,47.537085,13
128_Mahamasina_Tsimbazaza,-18.922703,47.536595,14
128_Mahamasina_Tsimbazaza,-18.919392,47.538241,15
128_Mahamasina_Tsimbazaza,-18.918413,47.537791,16
128_Mahamasina_Tsimbazaza,-18.916182,47.537415,17
128_Mahamasina_Tsimbazaza,-18.913863,47.537555,18
128_Mahamasina_Tsimbazaza,-18.916421,47.540706,19
128_Mahamasina_Tsimbazaza,-18.917301,47.542726,20
128_Mahamasina_Tsimbazaza,-18.917568,47.543727,21
128_Mahamasina_Tsimbazaza,-18.91735,47.545789,22
128_Mahamasina_Tsimbazaza,-18.916969,47.547313,23
128_Mahamasina_Tsimbazaza,-18.914731,47.549499,24


